225 0.08026 2604.8 2805.5 6.2629
250 0.08705 2663.3 2880.9 6.4107 
300 0.09894 2762.2 3009.6 6.6459 
350 0.10979 2852.5 3127.0 6.8424 
400 0.12012 2939.8 3240.1 7.0170 
450 0.13015 3026.2 3351.6 7.1768 
500 0.13999 3112.8 3462.8 7.3254 
600 0.15931 3288.5 3686.8 7.5979 
700 0.17835 3469.3 3915.2 7.8455 
800 0.19722 3656.2 4149.2 8.0744 
900 0.21597 3849.4 4389.3 8.2882 
1000 0.23466 4049.0 4635.6 8.4897 
1100 0.25330 4254.7 4887.9 8.6804 
1200 0.27190 4466.3 5146.0 8.8618 
1300 0.29048 4683.4 5409.5 9.0349 
