375 0.001978 1799.9 1849.4 4.0345 
400 0.006005 2428.5 2578.7 5.1400 
425 0.007886 2607.8 2805.0 5.4708 
450 0.009176 2721.2 2950.6 5.6759 
500 0.011143 2887.3 3165.9 5.9643 
550 0.012736 3020.8 3339.2 6.1816 
600 0.014140 3140.0 3493.5 6.3637 
650 0.015430 3251.9 3637.7 6.5243 
700 0.016643 3359.9 3776.0 6.6702 
800 0.018922 3570.7 4043.8 6.9322 
900 0.021075 3780.2 4307.1 7.1668 
1000 0.023150 3991.5 4570.2 7.3821 
1100 0.025172 4206.1 4835.4 7.5825 
1200 0.027157 4424.6 5103.5 7.7710 
1300 0.029115 4647.2 5375.1 7.9494 
