375 0.001701 1702.8 1762.4 3.8724
400 0.002105 1914.9 1988.6 4.2144
425 0.003434 2253.3 2373.5 4.7751
450 0.004957 2497.5 2671.0 5.1946
500 0.006933 2755.3 2997.9 5.6331
550 0.008348 2925.8 3218.0 5.9093
600 0.009523 3065.6 3399.0 6.1229
650 0.010565 3190.9 3560.7 6.3030
700 0.011523 3308.3 3711.6 6.4623
800 0.013278 3531.6 3996.3 6.7409
900 0.014904 3749.0 4270.6 6.9853
1000 0.016450 3965.8 4541.5 7.2069
1100 0.017942 4184.4 4812.4 7.4118
1200 0.019398 4406.1 5085.0 7.6034
1300 0.020827 4631.2 5360.2 7.7841
